500 500
2 17 303 10 492
2 174 490 12 492
2 174 488 160 297
2 160 298 17 298
2 17 295 18 232
2 62 296 60 232
2 159 296 153 226
2 121 297 122 230
2 113 296 109 212
2 68 295 71 217
2 71 214 86 122
2 109 212 84 119
2 121 225 133 189
2 153 226 134 187
2 17 232 31 188
2 58 230 32 186
2 85 121 84 82
2 90 98 68 80
2 133 269 130 289
2 149 288 132 288
2 133 269 143 267
2 143 267 148 286
2 32 270 27 287
2 50 286 48 269
2 35 270 46 270
2 28 285 48 285
2 84 241 77 286
2 103 285 100 242
2 84 240 97 242
2 78 285 103 283
2 79 312 107 311
2 76 312 73 382
2 73 382 113 383
2 108 311 114 382
2 74 400 113 398
2 75 399 74 482
2 76 481 117 481
2 119 480 111 397
2 29 315 28 339
2 53 340 49 315
2 31 316 45 316
2 29 338 54 339
2 30 361 24 386
2 53 386 51 360
2 32 359 50 359
2 25 382 48 386
2 27 412 23 439
2 29 413 50 413
2 23 438 54 440
2 50 411 53 437
2 24 451 19 482
2 26 453 51 454
2 18 481 48 479
2 52 450 54 477
2 50 480 51 477
2 126 315 152 315
2 125 317 122 340
2 126 339 148 339
2 154 316 154 336
2 150 339 153 339
2 128 356 127 381
2 157 382 155 357
2 129 357 154 358
2 126 381 152 381
2 127 408 127 427
2 129 405 152 404
2 128 428 148 428
2 153 403 149 427
2 129 450 162 450
2 160 476 134 476
2 129 449 134 473
2 164 450 162 472
2 71 213 109 216
2 19 234 56 234
2 124 226 149 226
2 327 446 326 473
2 323 472 305 487
2 306 486 330 485
2 324 471 318 489
2 318 489 328 489
2 326 442 315 432
2 315 431 327 413
2 329 414 340 427
2 340 427 329 442
2 324 442 315 454
2 313 454 311 439
2 326 443 320 456
2 320 456 317 441
2 324 422 322 428
2 192 314 197 366
2 198 367 219 362
2 192 336 214 328
2 192 313 212 312
2 227 338 231 359
2 227 344 243 336
2 243 336 246 355
2 272 315 276 355
2 273 340 260 339
2 259 339 259 353
2 260 354 273 353
2 290 336 294 356
2 296 354 316 351
2 311 333 316 349
2 326 328 330 348
2 328 335 345 322
2 345 322 351 326
2 361 328 361 348
2 363 345 376 345
2 359 327 374 327
2 376 329 362 336
2 420 302 417 354
2 399 328 434 323
2 437 333 440 349
2 437 350 454 336
2 454 332 446 319
2 446 319 439 332
2 212 379 217 403
2 206 394 225 386
2 238 376 242 405
2 240 389 254 388
2 257 404 254 389
2 272 394 282 390
2 283 390 267 379
2 267 379 269 402
2 270 403 283 401
2 313 368 317 401
2 317 401 339 396
2 314 383 334 382
2 314 370 336 369
2 347 383 351 398
2 350 389 365 380
2 368 381 372 394
2 398 359 400 394
2 397 374 378 377
2 377 378 401 391
2 420 392 420 390
2 422 359 420 381
2 431 392 431 392
2 434 361 432 384
